nvertices=507
vertices=[
[0.437500, 0.164062,  -0.765625],
[-0.437500, 0.164062,  -0.765625],
[0.500000, 0.093750,  -0.687500],
[-0.500000, 0.093750,  -0.687500],
[0.546875, 0.054688,  -0.578125],
[-0.546875, 0.054688,  -0.578125],
[0.351562, -0.023438,  -0.617188],
[-0.351562, -0.023438,  -0.617188],
[0.351562, 0.031250,  -0.718750],
[-0.351562, 0.031250,  -0.718750],
[0.351562, 0.132812,  -0.781250],
[-0.351562, 0.132812,  -0.781250],
[0.273438, 0.164062,  -0.796875],
[-0.273438, 0.164062,  -0.796875],
[0.203125, 0.093750,  -0.742188],
[-0.203125, 0.093750,  -0.742188],
[0.156250, 0.054688,  -0.648438],
[-0.156250, 0.054688,  -0.648438],
[0.078125, 0.242188,  -0.656250],
[-0.078125, 0.242188,  -0.656250],
[0.140625, 0.242188,  -0.742188],
[-0.140625, 0.242188,  -0.742188],
[0.242188, 0.242188,  -0.796875],
[-0.242188, 0.242188,  -0.796875],
[0.273438, 0.328125,  -0.796875],
[-0.273438, 0.328125,  -0.796875],
[0.203125, 0.390625,  -0.742188],
[-0.203125, 0.390625,  -0.742188],
[0.156250, 0.437500,  -0.648438],
[-0.156250, 0.437500,  -0.648438],
[0.351562, 0.515625,  -0.617188],
[-0.351562, 0.515625,  -0.617188],
[0.351562, 0.453125,  -0.718750],
[-0.351562, 0.453125,  -0.718750],
[0.351562, 0.359375,  -0.781250],
[-0.351562, 0.359375,  -0.781250],
[0.437500, 0.328125,  -0.765625],
[-0.437500, 0.328125,  -0.765625],
[0.500000, 0.390625,  -0.687500],
[-0.500000, 0.390625,  -0.687500],
[0.546875, 0.437500,  -0.578125],
[-0.546875, 0.437500,  -0.578125],
[0.625000, 0.242188,  -0.562500],
[-0.625000, 0.242188,  -0.562500],
[0.562500, 0.242188,  -0.671875],
[-0.562500, 0.242188,  -0.671875],
[0.468750, 0.242188,  -0.757812],
[-0.468750, 0.242188,  -0.757812],
[0.476562, 0.242188,  -0.773438],
[-0.476562, 0.242188,  -0.773438],
[0.445312, 0.335938,  -0.781250],
[-0.445312, 0.335938,  -0.781250],
[0.351562, 0.375000,  -0.804688],
[-0.351562, 0.375000,  -0.804688],
[0.265625, 0.335938,  -0.820312],
[-0.265625, 0.335938,  -0.820312],
[0.226562, 0.242188,  -0.820312],
[-0.226562, 0.242188,  -0.820312],
[0.265625, 0.156250,  -0.820312],
[-0.265625, 0.156250,  -0.820312],
[0.351562, 0.242188,  -0.828125],
[-0.351562, 0.242188,  -0.828125],
[0.351562, 0.117188,  -0.804688],
[-0.351562, 0.117188,  -0.804688],
[0.445312, 0.156250,  -0.781250],
[-0.445312, 0.156250,  -0.781250],
[0.000000, 0.429688,  -0.742188],
[0.000000, 0.351562,  -0.820312],
[0.000000, -0.679688,  -0.734375],
[0.000000, -0.320312,  -0.781250],
[0.000000, -0.187500,  -0.796875],
[0.000000, -0.773438,  -0.718750],
[0.000000, 0.406250,  -0.601562],
[0.000000, 0.570312,  -0.570312],
[0.000000, 0.898438,  0.546875],
[0.000000, 0.562500,  0.851562],
[0.000000, 0.070312,  0.828125],
[0.000000, -0.382812,  0.351562],
[0.203125, -0.187500,  -0.562500],
[-0.203125, -0.187500,  -0.562500],
[0.312500, -0.437500,  -0.570312],
[-0.312500, -0.437500,  -0.570312],
[0.351562, -0.695312,  -0.570312],
[-0.351562, -0.695312,  -0.570312],
[0.367188, -0.890625,  -0.531250],
[-0.367188, -0.890625,  -0.531250],
[0.328125, -0.945312,  -0.523438],
[-0.328125, -0.945312,  -0.523438],
[0.179688, -0.968750,  -0.554688],
[-0.179688, -0.968750,  -0.554688],
[0.000000, -0.984375,  -0.578125],
[0.437500, -0.140625,  -0.531250],
[-0.437500, -0.140625,  -0.531250],
[0.632812, -0.039062,  -0.539062],
[-0.632812, -0.039062,  -0.539062],
[0.828125, 0.148438,  -0.445312],
[-0.828125, 0.148438,  -0.445312],
[0.859375, 0.429688,  -0.593750],
[-0.859375, 0.429688,  -0.593750],
[0.710938, 0.484375,  -0.625000],
[-0.710938, 0.484375,  -0.625000],
[0.492188, 0.601562,  -0.687500],
[-0.492188, 0.601562,  -0.687500],
[0.320312, 0.757812,  -0.734375],
[-0.320312, 0.757812,  -0.734375],
[0.156250, 0.718750,  -0.757812],
[-0.156250, 0.718750,  -0.757812],
[0.062500, 0.492188,  -0.750000],
[-0.062500, 0.492188,  -0.750000],
[0.164062, 0.414062,  -0.773438],
[-0.164062, 0.414062,  -0.773438],
[0.125000, 0.304688,  -0.765625],
[-0.125000, 0.304688,  -0.765625],
[0.203125, 0.093750,  -0.742188],
[-0.203125, 0.093750,  -0.742188],
[0.375000, 0.015625,  -0.703125],
[-0.375000, 0.015625,  -0.703125],
[0.492188, 0.062500,  -0.671875],
[-0.492188, 0.062500,  -0.671875],
[0.625000, 0.187500,  -0.648438],
[-0.625000, 0.187500,  -0.648438],
[0.640625, 0.296875,  -0.648438],
[-0.640625, 0.296875,  -0.648438],
[0.601562, 0.375000,  -0.664062],
[-0.601562, 0.375000,  -0.664062],
[0.429688, 0.437500,  -0.718750],
[-0.429688, 0.437500,  -0.718750],
[0.250000, 0.468750,  -0.757812],
[-0.250000, 0.468750,  -0.757812],
[0.000000, -0.765625,  -0.734375],
[0.109375, -0.718750,  -0.734375],
[-0.109375, -0.718750,  -0.734375],
[0.117188, -0.835938,  -0.710938],
[-0.117188, -0.835938,  -0.710938],
[0.062500, -0.882812,  -0.695312],
[-0.062500, -0.882812,  -0.695312],
[0.000000, -0.890625,  -0.687500],
[0.000000, -0.195312,  -0.750000],
[0.000000, -0.140625,  -0.742188],
[0.101562, -0.148438,  -0.742188],
[-0.101562, -0.148438,  -0.742188],
[0.125000, -0.226562,  -0.750000],
[-0.125000, -0.226562,  -0.750000],
[0.085938, -0.289062,  -0.742188],
[-0.085938, -0.289062,  -0.742188],
[0.398438, -0.046875,  -0.671875],
[-0.398438, -0.046875,  -0.671875],
[0.617188, 0.054688,  -0.625000],
[-0.617188, 0.054688,  -0.625000],
[0.726562, 0.203125,  -0.601562],
[-0.726562, 0.203125,  -0.601562],
[0.742188, 0.375000,  -0.656250],
[-0.742188, 0.375000,  -0.656250],
[0.687500, 0.414062,  -0.726562],
[-0.687500, 0.414062,  -0.726562],
[0.437500, 0.546875,  -0.796875],
[-0.437500, 0.546875,  -0.796875],
[0.312500, 0.640625,  -0.835938],
[-0.312500, 0.640625,  -0.835938],
[0.203125, 0.617188,  -0.851562],
[-0.203125, 0.617188,  -0.851562],
[0.101562, 0.429688,  -0.843750],
[-0.101562, 0.429688,  -0.843750],
[0.125000, -0.101562,  -0.812500],
[-0.125000, -0.101562,  -0.812500],
[0.210938, -0.445312,  -0.710938],
[-0.210938, -0.445312,  -0.710938],
[0.250000, -0.703125,  -0.687500],
[-0.250000, -0.703125,  -0.687500],
[0.265625, -0.820312,  -0.664062],
[-0.265625, -0.820312,  -0.664062],
[0.234375, -0.914062,  -0.632812],
[-0.234375, -0.914062,  -0.632812],
[0.164062, -0.929688,  -0.632812],
[-0.164062, -0.929688,  -0.632812],
[0.000000, -0.945312,  -0.640625],
[0.000000, 0.046875,  -0.726562],
[0.000000, 0.210938,  -0.765625],
[0.328125, 0.476562,  -0.742188],
[-0.328125, 0.476562,  -0.742188],
[0.164062, 0.140625,  -0.750000],
[-0.164062, 0.140625,  -0.750000],
[0.132812, 0.210938,  -0.757812],
[-0.132812, 0.210938,  -0.757812],
[0.117188, -0.687500,  -0.734375],
[-0.117188, -0.687500,  -0.734375],
[0.078125, -0.445312,  -0.750000],
[-0.078125, -0.445312,  -0.750000],
[0.000000, -0.445312,  -0.750000],
[0.000000, -0.328125,  -0.742188],
[0.093750, -0.273438,  -0.781250],
[-0.093750, -0.273438,  -0.781250],
[0.132812, -0.226562,  -0.796875],
[-0.132812, -0.226562,  -0.796875],
[0.109375, -0.132812,  -0.781250],
[-0.109375, -0.132812,  -0.781250],
[0.039062, -0.125000,  -0.781250],
[-0.039062, -0.125000,  -0.781250],
[0.000000, -0.203125,  -0.828125],
[0.046875, -0.148438,  -0.812500],
[-0.046875, -0.148438,  -0.812500],
[0.093750, -0.156250,  -0.812500],
[-0.093750, -0.156250,  -0.812500],
[0.109375, -0.226562,  -0.828125],
[-0.109375, -0.226562,  -0.828125],
[0.078125, -0.250000,  -0.804688],
[-0.078125, -0.250000,  -0.804688],
[0.000000, -0.289062,  -0.804688],
[0.257812, -0.312500,  -0.554688],
[-0.257812, -0.312500,  -0.554688],
[0.164062, -0.242188,  -0.710938],
[-0.164062, -0.242188,  -0.710938],
[0.179688, -0.312500,  -0.710938],
[-0.179688, -0.312500,  -0.710938],
[0.234375, -0.250000,  -0.554688],
[-0.234375, -0.250000,  -0.554688],
[0.000000, -0.875000,  -0.687500],
[0.046875, -0.867188,  -0.687500],
[-0.046875, -0.867188,  -0.687500],
[0.093750, -0.820312,  -0.710938],
[-0.093750, -0.820312,  -0.710938],
[0.093750, -0.742188,  -0.726562],
[-0.093750, -0.742188,  -0.726562],
[0.000000, -0.781250,  -0.656250],
[0.093750, -0.750000,  -0.664062],
[-0.093750, -0.750000,  -0.664062],
[0.093750, -0.812500,  -0.640625],
[-0.093750, -0.812500,  -0.640625],
[0.046875, -0.851562,  -0.632812],
[-0.046875, -0.851562,  -0.632812],
[0.000000, -0.859375,  -0.632812],
[0.171875, 0.218750,  -0.781250],
[-0.171875, 0.218750,  -0.781250],
[0.187500, 0.156250,  -0.773438],
[-0.187500, 0.156250,  -0.773438],
[0.335938, 0.429688,  -0.757812],
[-0.335938, 0.429688,  -0.757812],
[0.273438, 0.421875,  -0.773438],
[-0.273438, 0.421875,  -0.773438],
[0.421875, 0.398438,  -0.773438],
[-0.421875, 0.398438,  -0.773438],
[0.562500, 0.351562,  -0.695312],
[-0.562500, 0.351562,  -0.695312],
[0.585938, 0.289062,  -0.687500],
[-0.585938, 0.289062,  -0.687500],
[0.578125, 0.195312,  -0.679688],
[-0.578125, 0.195312,  -0.679688],
[0.476562, 0.101562,  -0.718750],
[-0.476562, 0.101562,  -0.718750],
[0.375000, 0.062500,  -0.742188],
[-0.375000, 0.062500,  -0.742188],
[0.226562, 0.109375,  -0.781250],
[-0.226562, 0.109375,  -0.781250],
[0.179688, 0.296875,  -0.781250],
[-0.179688, 0.296875,  -0.781250],
[0.210938, 0.375000,  -0.781250],
[-0.210938, 0.375000,  -0.781250],
[0.234375, 0.359375,  -0.757812],
[-0.234375, 0.359375,  -0.757812],
[0.195312, 0.296875,  -0.757812],
[-0.195312, 0.296875,  -0.757812],
[0.242188, 0.125000,  -0.757812],
[-0.242188, 0.125000,  -0.757812],
[0.375000, 0.085938,  -0.726562],
[-0.375000, 0.085938,  -0.726562],
[0.460938, 0.117188,  -0.703125],
[-0.460938, 0.117188,  -0.703125],
[0.546875, 0.210938,  -0.671875],
[-0.546875, 0.210938,  -0.671875],
[0.554688, 0.281250,  -0.671875],
[-0.554688, 0.281250,  -0.671875],
[0.531250, 0.335938,  -0.679688],
[-0.531250, 0.335938,  -0.679688],
[0.414062, 0.390625,  -0.750000],
[-0.414062, 0.390625,  -0.750000],
[0.281250, 0.398438,  -0.765625],
[-0.281250, 0.398438,  -0.765625],
[0.335938, 0.406250,  -0.750000],
[-0.335938, 0.406250,  -0.750000],
[0.203125, 0.171875,  -0.750000],
[-0.203125, 0.171875,  -0.750000],
[0.195312, 0.226562,  -0.750000],
[-0.195312, 0.226562,  -0.750000],
[0.109375, 0.460938,  -0.609375],
[-0.109375, 0.460938,  -0.609375],
[0.195312, 0.664062,  -0.617188],
[-0.195312, 0.664062,  -0.617188],
[0.335938, 0.687500,  -0.593750],
[-0.335938, 0.687500,  -0.593750],
[0.484375, 0.554688,  -0.554688],
[-0.484375, 0.554688,  -0.554688],
[0.679688, 0.453125,  -0.492188],
[-0.679688, 0.453125,  -0.492188],
[0.796875, 0.406250,  -0.460938],
[-0.796875, 0.406250,  -0.460938],
[0.773438, 0.164062,  -0.375000],
[-0.773438, 0.164062,  -0.375000],
[0.601562, 0.000000,  -0.414062],
[-0.601562, 0.000000,  -0.414062],
[0.437500, -0.093750,  -0.468750],
[-0.437500, -0.093750,  -0.468750],
[0.000000, 0.898438,  -0.289062],
[0.000000, 0.984375,  0.078125],
[0.000000, -0.195312,  0.671875],
[0.000000, -0.460938,  -0.187500],
[0.000000, -0.976562,  -0.460938],
[0.000000, -0.804688,  -0.343750],
[0.000000, -0.570312,  -0.320312],
[0.000000, -0.484375,  -0.281250],
[0.851562, 0.234375,  -0.054688],
[-0.851562, 0.234375,  -0.054688],
[0.859375, 0.320312,  0.046875],
[-0.859375, 0.320312,  0.046875],
[0.773438, 0.265625,  0.437500],
[-0.773438, 0.265625,  0.437500],
[0.460938, 0.437500,  0.703125],
[-0.460938, 0.437500,  0.703125],
[0.734375, -0.046875,  -0.070312],
[-0.734375, -0.046875,  -0.070312],
[0.593750, -0.125000,  0.164062],
[-0.593750, -0.125000,  0.164062],
[0.640625, -0.007812,  0.429688],
[-0.640625, -0.007812,  0.429688],
[0.335938, 0.054688,  0.664062],
[-0.335938, 0.054688,  0.664062],
[0.234375, -0.351562,  -0.406250],
[-0.234375, -0.351562,  -0.406250],
[0.179688, -0.414062,  -0.257812],
[-0.179688, -0.414062,  -0.257812],
[0.289062, -0.710938,  -0.382812],
[-0.289062, -0.710938,  -0.382812],
[0.250000, -0.500000,  -0.390625],
[-0.250000, -0.500000,  -0.390625],
[0.328125, -0.914062,  -0.398438],
[-0.328125, -0.914062,  -0.398438],
[0.140625, -0.757812,  -0.367188],
[-0.140625, -0.757812,  -0.367188],
[0.125000, -0.539062,  -0.359375],
[-0.125000, -0.539062,  -0.359375],
[0.164062, -0.945312,  -0.437500],
[-0.164062, -0.945312,  -0.437500],
[0.218750, -0.281250,  -0.429688],
[-0.218750, -0.281250,  -0.429688],
[0.210938, -0.226562,  -0.468750],
[-0.210938, -0.226562,  -0.468750],
[0.203125, -0.171875,  -0.500000],
[-0.203125, -0.171875,  -0.500000],
[0.210938, -0.390625,  -0.164062],
[-0.210938, -0.390625,  -0.164062],
[0.296875, -0.312500,  0.265625],
[-0.296875, -0.312500,  0.265625],
[0.343750, -0.148438,  0.539062],
[-0.343750, -0.148438,  0.539062],
[0.453125, 0.867188,  0.382812],
[-0.453125, 0.867188,  0.382812],
[0.453125, 0.929688,  0.070312],
[-0.453125, 0.929688,  0.070312],
[0.453125, 0.851562,  -0.234375],
[-0.453125, 0.851562,  -0.234375],
[0.460938, 0.523438,  -0.429688],
[-0.460938, 0.523438,  -0.429688],
[0.726562, 0.406250,  -0.335938],
[-0.726562, 0.406250,  -0.335938],
[0.632812, 0.453125,  -0.281250],
[-0.632812, 0.453125,  -0.281250],
[0.640625, 0.703125,  -0.054688],
[-0.640625, 0.703125,  -0.054688],
[0.796875, 0.562500,  -0.125000],
[-0.796875, 0.562500,  -0.125000],
[0.796875, 0.617188,  0.117188],
[-0.796875, 0.617188,  0.117188],
[0.640625, 0.750000,  0.195312],
[-0.640625, 0.750000,  0.195312],
[0.640625, 0.679688,  0.445312],
[-0.640625, 0.679688,  0.445312],
[0.796875, 0.539062,  0.359375],
[-0.796875, 0.539062,  0.359375],
[0.617188, 0.328125,  0.585938],
[-0.617188, 0.328125,  0.585938],
[0.484375, 0.023438,  0.546875],
[-0.484375, 0.023438,  0.546875],
[0.820312, 0.328125,  0.203125],
[-0.820312, 0.328125,  0.203125],
[0.406250, -0.171875,  -0.148438],
[-0.406250, -0.171875,  -0.148438],
[0.429688, -0.195312,  0.210938],
[-0.429688, -0.195312,  0.210938],
[0.890625, 0.406250,  0.234375],
[-0.890625, 0.406250,  0.234375],
[0.773438, -0.140625,  0.125000],
[-0.773438, -0.140625,  0.125000],
[1.039062, -0.101562,  0.328125],
[-1.039062, -0.101562,  0.328125],
[1.281250, 0.054688,  0.429688],
[-1.281250, 0.054688,  0.429688],
[1.351562, 0.320312,  0.421875],
[-1.351562, 0.320312,  0.421875],
[1.234375, 0.507812,  0.421875],
[-1.234375, 0.507812,  0.421875],
[1.023438, 0.476562,  0.312500],
[-1.023438, 0.476562,  0.312500],
[1.015625, 0.414062,  0.289062],
[-1.015625, 0.414062,  0.289062],
[1.187500, 0.437500,  0.390625],
[-1.187500, 0.437500,  0.390625],
[1.265625, 0.289062,  0.406250],
[-1.265625, 0.289062,  0.406250],
[1.210938, 0.078125,  0.406250],
[-1.210938, 0.078125,  0.406250],
[1.031250, -0.039062,  0.304688],
[-1.031250, -0.039062,  0.304688],
[0.828125, -0.070312,  0.132812],
[-0.828125, -0.070312,  0.132812],
[0.921875, 0.359375,  0.218750],
[-0.921875, 0.359375,  0.218750],
[0.945312, 0.304688,  0.289062],
[-0.945312, 0.304688,  0.289062],
[0.882812, -0.023438,  0.210938],
[-0.882812, -0.023438,  0.210938],
[1.039062, 0.000000,  0.367188],
[-1.039062, 0.000000,  0.367188],
[1.187500, 0.093750,  0.445312],
[-1.187500, 0.093750,  0.445312],
[1.234375, 0.250000,  0.445312],
[-1.234375, 0.250000,  0.445312],
[1.171875, 0.359375,  0.437500],
[-1.171875, 0.359375,  0.437500],
[1.023438, 0.343750,  0.359375],
[-1.023438, 0.343750,  0.359375],
[0.843750, 0.289062,  0.210938],
[-0.843750, 0.289062,  0.210938],
[0.835938, 0.171875,  0.273438],
[-0.835938, 0.171875,  0.273438],
[0.757812, 0.093750,  0.273438],
[-0.757812, 0.093750,  0.273438],
[0.820312, 0.085938,  0.273438],
[-0.820312, 0.085938,  0.273438],
[0.843750, 0.015625,  0.273438],
[-0.843750, 0.015625,  0.273438],
[0.812500, -0.015625,  0.273438],
[-0.812500, -0.015625,  0.273438],
[0.726562, 0.000000,  0.070312],
[-0.726562, 0.000000,  0.070312],
[0.718750, -0.023438,  0.171875],
[-0.718750, -0.023438,  0.171875],
[0.718750, 0.039062,  0.187500],
[-0.718750, 0.039062,  0.187500],
[0.796875, 0.203125,  0.210938],
[-0.796875, 0.203125,  0.210938],
[0.890625, 0.242188,  0.265625],
[-0.890625, 0.242188,  0.265625],
[0.890625, 0.234375,  0.320312],
[-0.890625, 0.234375,  0.320312],
[0.812500, -0.015625,  0.320312],
[-0.812500, -0.015625,  0.320312],
[0.851562, 0.015625,  0.320312],
[-0.851562, 0.015625,  0.320312],
[0.828125, 0.078125,  0.320312],
[-0.828125, 0.078125,  0.320312],
[0.765625, 0.093750,  0.320312],
[-0.765625, 0.093750,  0.320312],
[0.843750, 0.171875,  0.320312],
[-0.843750, 0.171875,  0.320312],
[1.039062, 0.328125,  0.414062],
[-1.039062, 0.328125,  0.414062],
[1.187500, 0.343750,  0.484375],
[-1.187500, 0.343750,  0.484375],
[1.257812, 0.242188,  0.492188],
[-1.257812, 0.242188,  0.492188],
[1.210938, 0.085938,  0.484375],
[-1.210938, 0.085938,  0.484375],
[1.046875, 0.000000,  0.421875],
[-1.046875, 0.000000,  0.421875],
[0.882812, -0.015625,  0.265625],
[-0.882812, -0.015625,  0.265625],
[0.953125, 0.289062,  0.343750],
[-0.953125, 0.289062,  0.343750],
[0.890625, 0.109375,  0.328125],
[-0.890625, 0.109375,  0.328125],
[0.937500, 0.062500,  0.335938],
[-0.937500, 0.062500,  0.335938],
[1.000000, 0.125000,  0.367188],
[-1.000000, 0.125000,  0.367188],
[0.960938, 0.171875,  0.351562],
[-0.960938, 0.171875,  0.351562],
[1.015625, 0.234375,  0.375000],
[-1.015625, 0.234375,  0.375000],
[1.054688, 0.187500,  0.382812],
[-1.054688, 0.187500,  0.382812],
[1.109375, 0.210938,  0.390625],
[-1.109375, 0.210938,  0.390625],
[1.085938, 0.273438,  0.390625],
[-1.085938, 0.273438,  0.390625],
[1.023438, 0.437500,  0.484375],
[-1.023438, 0.437500,  0.484375],
[1.250000, 0.468750,  0.546875],
[-1.250000, 0.468750,  0.546875],
[1.367188, 0.296875,  0.500000],
[-1.367188, 0.296875,  0.500000],
[1.312500, 0.054688,  0.531250],
[-1.312500, 0.054688,  0.531250],
[1.039062, -0.085938,  0.492188],
[-1.039062, -0.085938,  0.492188],
[0.789062, -0.125000,  0.328125],
[-0.789062, -0.125000,  0.328125],
[0.859375, 0.382812,  0.382812],
[-0.859375, 0.382812,  0.382812],
];
normals=[
[0.727683, -0.654500, -0.205084],
[-0.727683, -0.654500, -0.205084],
[0.604022, -0.510239, -0.612171],
[-0.604022, -0.510239, -0.612171],
[0.682943, -0.547472, -0.483535],
[-0.682943, -0.547472, -0.483535],
[0.115879, -0.866970, -0.484664],
[-0.115879, -0.866970, -0.484664],
[0.098209, -0.750969, -0.652974],
[-0.098209, -0.750969, -0.652974],
[0.037507, -0.965056, -0.259224],
[-0.037507, -0.965056, -0.259224],
[-0.655354, -0.692801, -0.300821],
[0.655354, -0.692801, -0.300821],
[-0.451369, -0.539323, -0.710868],
[0.451369, -0.539323, -0.710868],
[-0.551225, -0.635792, -0.540208],
[0.551225, -0.635792, -0.540208],
[-0.814783, -0.003784, -0.579699],
[0.814783, -0.003784, -0.579699],
[-0.693991, -0.003510, -0.719932],
[0.693991, -0.003510, -0.719932],
[-0.946043, -0.012848, -0.323679],
[0.946043, -0.012848, -0.323679],
[-0.662160, 0.691397, -0.288919],
[0.662160, 0.691397, -0.288919],
[-0.455123, 0.525071, -0.719108],
[0.455123, 0.525071, -0.719108],
[-0.529771, 0.626576, -0.571581],
[0.529771, 0.626576, -0.571581],
[0.122410, 0.837306, -0.532823],
[-0.122410, 0.837306, -0.532823],
[0.101871, 0.740135, -0.664663],
[-0.101871, 0.740135, -0.664663],
[0.032075, 0.971007, -0.236854],
[-0.032075, 0.971007, -0.236854],
[0.732047, 0.652730, -0.194922],
[-0.732047, 0.652730, -0.194922],
[0.608448, 0.494919, -0.620289],
[-0.608448, 0.494919, -0.620289],
[0.672201, 0.538133, -0.508438],
[-0.672201, 0.538133, -0.508438],
[0.868404, -0.003265, -0.495773],
[-0.868404, -0.003265, -0.495773],
[0.802057, -0.003388, -0.597186],
[-0.802057, -0.003388, -0.597186],
[0.977691, -0.011017, -0.209723],
[-0.977691, -0.011017, -0.209723],
[0.973724, -0.012207, -0.227271],
[-0.973724, -0.012207, -0.227271],
[0.721976, 0.649861, -0.237434],
[-0.721976, 0.649861, -0.237434],
[0.037446, 0.933561, -0.356395],
[-0.037446, 0.933561, -0.356395],
[-0.626331, 0.647023, -0.434767],
[0.626331, 0.647023, -0.434767],
[-0.911252, -0.012268, -0.411603],
[0.911252, -0.012268, -0.411603],
[-0.618122, -0.653768, -0.436415],
[0.618122, -0.653768, -0.436415],
[0.183599, -0.005310, -0.982971],
[-0.183599, -0.005310, -0.982971],
[0.036927, -0.935087, -0.352397],
[-0.036927, -0.935087, -0.352397],
[0.715049, -0.656880, -0.239051],
[-0.715049, -0.656880, -0.239051],
[0.000000, 0.959532, -0.281564],
[0.000000, -0.024079, -0.999695],
[0.000000, -0.034211, -0.999390],
[0.000000, -0.857418, -0.514573],
[0.000000, 0.785089, -0.619343],
[0.000000, -0.903104, -0.429395],
[0.000000, 0.879391, -0.476028],
[0.000000, 0.620380, -0.784265],
[0.000000, 0.832545, 0.553941],
[0.000000, 0.314066, 0.949370],
[0.000000, -0.300424, 0.953795],
[0.000000, -0.940977, 0.338450],
[0.905301, -0.389111, -0.170263],
[-0.905301, -0.389111, -0.170263],
[0.965117, 0.218940, -0.143498],
[-0.965117, 0.218940, -0.143498],
[0.975768, 0.094852, -0.197028],
[-0.975768, 0.094852, -0.197028],
[0.969573, -0.147282, -0.195379],
[-0.969573, -0.147282, -0.195379],
[0.654103, -0.741752, -0.147984],
[-0.654103, -0.741752, -0.147984],
[0.157628, -0.974487, -0.159581],
[-0.157628, -0.974487, -0.159581],
[0.000000, -0.977722, -0.209815],
[0.360546, -0.931608, -0.045442],
[-0.360546, -0.931608, -0.045442],
[0.588885, -0.790796, -0.166784],
[-0.588885, -0.790796, -0.166784],
[0.912625, -0.402722, 0.069796],
[-0.912625, -0.402722, 0.069796],
[0.880123, 0.423841, -0.213782],
[-0.880123, 0.423841, -0.213782],
[0.509964, 0.833003, -0.214393],
[-0.509964, 0.833003, -0.214393],
[0.597766, 0.783776, -0.168310],
[-0.597766, 0.783776, -0.168310],
[0.228278, 0.958800, -0.168920],
[-0.228278, 0.958800, -0.168920],
[-0.598682, 0.777337, -0.192999],
[0.598682, 0.777337, -0.192999],
[-0.791742, 0.582873, -0.182562],
[0.791742, 0.582873, -0.182562],
[0.265389, -0.203955, -0.942289],
[-0.265389, -0.203955, -0.942289],
[0.028382, -0.198553, -0.979644],
[-0.028382, -0.198553, -0.979644],
[-0.134922, -0.214576, -0.967315],
[0.134922, -0.214576, -0.967315],
[0.310617, -0.340342, -0.887478],
[-0.310617, -0.340342, -0.887478],
[0.419446, -0.379742, -0.824519],
[-0.419446, -0.379742, -0.824519],
[0.441450, -0.205847, -0.873318],
[-0.441450, -0.205847, -0.873318],
[0.362957, -0.212256, -0.907285],
[-0.362957, -0.212256, -0.907285],
[0.241340, -0.306711, -0.920682],
[-0.241340, -0.306711, -0.920682],
[0.197821, -0.010437, -0.980163],
[-0.197821, -0.010437, -0.980163],
[0.266030, -0.125706, -0.955718],
[-0.266030, -0.125706, -0.955718],
[0.000000, -0.425733, -0.904843],
[0.155889, -0.170629, -0.972900],
[-0.155889, -0.170629, -0.972900],
[0.089053, -0.322886, -0.942228],
[-0.089053, -0.322886, -0.942228],
[-0.025208, -0.411786, -0.910916],
[0.025208, -0.411786, -0.910916],
[0.000000, -0.331248, -0.943510],
[0.000000, 0.759239, -0.650777],
[0.000000, 0.569231, -0.822138],
[0.252785, 0.347942, -0.902768],
[-0.252785, 0.347942, -0.902768],
[0.721549, -0.364605, -0.588549],
[-0.721549, -0.364605, -0.588549],
[0.496872, -0.435591, -0.750542],
[-0.496872, -0.435591, -0.750542],
[0.380871, -0.517563, -0.766167],
[-0.380871, -0.517563, -0.766167],
[0.498733, -0.401135, -0.768303],
[-0.498733, -0.401135, -0.768303],
[0.548906, -0.326579, -0.769402],
[-0.548906, -0.326579, -0.769402],
[0.487533, -0.147038, -0.860591],
[-0.487533, -0.147038, -0.860591],
[0.341685, -0.032533, -0.939238],
[-0.341685, -0.032533, -0.939238],
[0.314127, -0.030366, -0.948882],
[-0.314127, -0.030366, -0.948882],
[0.271126, 0.213019, -0.938658],
[-0.271126, 0.213019, -0.938658],
[-0.164251, 0.159032, -0.973479],
[0.164251, 0.159032, -0.973479],
[-0.072939, -0.028687, -0.996918],
[0.072939, -0.028687, -0.996918],
[0.066317, -0.192907, -0.978942],
[-0.066317, -0.192907, -0.978942],
[0.587207, 0.111942, -0.801630],
[-0.587207, 0.111942, -0.801630],
[0.567827, -0.032960, -0.822443],
[-0.567827, -0.032960, -0.822443],
[0.555895, -0.215979, -0.802667],
[-0.555895, -0.215979, -0.802667],
[0.362987, -0.618397, -0.696951],
[-0.362987, -0.618397, -0.696951],
[0.167852, -0.753471, -0.635639],
[-0.167852, -0.753471, -0.635639],
[0.000000, -0.792169, -0.610248],
[0.000000, 0.013459, -0.999908],
[0.000000, -0.223457, -0.974700],
[0.133427, -0.097476, -0.986236],
[-0.133427, -0.097476, -0.986236],
[-0.310404, -0.169744, -0.935301],
[0.310404, -0.169744, -0.935301],
[-0.162389, -0.199744, -0.966277],
[0.162389, -0.199744, -0.966277],
[0.180242, -0.057833, -0.981903],
[-0.180242, -0.057833, -0.981903],
[0.138615, 0.002899, -0.990326],
[-0.138615, 0.002899, -0.990326],
[0.000000, -0.004089, -0.999969],
[0.000000, -0.457564, -0.889157],
[0.580309, -0.730644, -0.359661],
[-0.580309, -0.730644, -0.359661],
[0.924589, -0.212928, -0.315867],
[-0.924589, -0.212928, -0.315867],
[0.621784, 0.774407, -0.116764],
[-0.621784, 0.774407, -0.116764],
[-0.301798, 0.941618, -0.149174],
[0.301798, 0.941618, -0.149174],
[0.000000, 0.113559, -0.993500],
[-0.199164, 0.601733, -0.773431],
[0.199164, 0.601733, -0.773431],
[0.366375, 0.475143, -0.799982],
[-0.366375, 0.475143, -0.799982],
[0.429640, -0.184942, -0.883816],
[-0.429640, -0.184942, -0.883816],
[0.220557, -0.563952, -0.795770],
[-0.220557, -0.563952, -0.795770],
[0.000000, -0.528550, -0.848872],
[0.938505, 0.325083, -0.116031],
[-0.938505, 0.325083, -0.116031],
[0.743034, 0.029542, -0.668569],
[-0.743034, 0.029542, -0.668569],
[0.646382, 0.142430, -0.749565],
[-0.646382, 0.142430, -0.749565],
[0.953429, 0.281594, -0.107883],
[-0.953429, 0.281594, -0.107883],
[0.000000, 0.646687, -0.762719],
[-0.370464, 0.545000, -0.752129],
[0.370464, 0.545000, -0.752129],
[-0.650258, 0.061495, -0.757195],
[0.650258, 0.061495, -0.757195],
[-0.114017, -0.615070, -0.780145],
[0.114017, -0.615070, -0.780145],
[0.000000, -0.698843, -0.715262],
[-0.516343, -0.704123, -0.487411],
[0.516343, -0.704123, -0.487411],
[-0.674825, 0.114689, -0.728965],
[0.674825, 0.114689, -0.728965],
[-0.327219, 0.474502, -0.817133],
[0.327219, 0.474502, -0.817133],
[0.000000, 0.528855, -0.848689],
[0.164892, -0.089663, -0.982208],
[-0.164892, -0.089663, -0.982208],
[-0.017029, -0.061007, -0.997986],
[0.017029, -0.061007, -0.997986],
[0.165685, 0.112888, -0.979675],
[-0.165685, 0.112888, -0.979675],
[0.182836, 0.036683, -0.982452],
[-0.182836, 0.036683, -0.982452],
[0.173040, -0.110935, -0.978637],
[-0.173040, -0.110935, -0.978637],
[0.306253, 0.034181, -0.951323],
[-0.306253, 0.034181, -0.951323],
[0.186956, -0.065493, -0.980163],
[-0.186956, -0.065493, -0.980163],
[0.298990, -0.093356, -0.949675],
[-0.298990, -0.093356, -0.949675],
[0.285775, -0.042482, -0.957335],
[-0.285775, -0.042482, -0.957335],
[0.199774, -0.207190, -0.957671],
[-0.199774, -0.207190, -0.957671],
[0.012879, -0.156011, -0.987640],
[-0.012879, -0.156011, -0.987640],
[0.235847, -0.108890, -0.965636],
[-0.235847, -0.108890, -0.965636],
[0.163335, -0.083621, -0.983001],
[-0.163335, -0.083621, -0.983001],
[0.500961, -0.383892, -0.775628],
[-0.500961, -0.383892, -0.775628],
[0.746422, -0.213446, -0.630268],
[-0.746422, -0.213446, -0.630268],
[0.424451, 0.560900, -0.710776],
[-0.424451, 0.560900, -0.710776],
[0.148869, 0.613483, -0.775506],
[-0.148869, 0.613483, -0.775506],
[-0.083102, 0.541612, -0.836482],
[0.083102, 0.541612, -0.836482],
[-0.254860, 0.224128, -0.940611],
[0.254860, 0.224128, -0.940611],
[-0.354869, -0.128605, -0.925993],
[0.354869, -0.128605, -0.925993],
[-0.194311, -0.616047, -0.763329],
[0.194311, -0.616047, -0.763329],
[-0.140080, -0.762047, -0.632160],
[0.140080, -0.762047, -0.632160],
[0.306284, -0.343120, -0.887906],
[-0.306284, -0.343120, -0.887906],
[0.002106, -0.495285, -0.868709],
[-0.002106, -0.495285, -0.868709],
[0.687490, 0.297403, -0.662465],
[-0.687490, 0.297403, -0.662465],
[0.805200, 0.014954, -0.592792],
[-0.805200, 0.014954, -0.592792],
[-0.504593, 0.862178, -0.044801],
[0.504593, 0.862178, -0.044801],
[-0.477004, 0.509964, 0.715781],
[0.477004, 0.509964, 0.715781],
[0.114597, 0.655507, 0.746422],
[-0.114597, 0.655507, 0.746422],
[0.308390, 0.913816, 0.264199],
[-0.308390, 0.913816, 0.264199],
[0.351451, 0.908750, 0.224921],
[-0.351451, 0.908750, 0.224921],
[0.739219, 0.600482, 0.304849],
[-0.739219, 0.600482, 0.304849],
[0.939329, -0.306803, 0.153294],
[-0.939329, -0.306803, 0.153294],
[0.576830, -0.811029, 0.097171],
[-0.576830, -0.811029, 0.097171],
[0.439375, -0.892514, 0.101596],
[-0.439375, -0.892514, 0.101596],
[0.000000, 0.826655, -0.562670],
[0.000000, 0.999725, -0.023194],
[0.000000, -0.696646, 0.717368],
[0.000000, -0.986267, 0.164983],
[0.000000, -0.850795, 0.525468],
[0.000000, -0.297800, 0.954619],
[0.000000, -0.317789, 0.948149],
[0.000000, -0.805109, 0.593097],
[0.976196, -0.201941, -0.078707],
[-0.976196, -0.201941, -0.078707],
[0.998932, -0.045503, -0.006165],
[-0.998932, -0.045503, -0.006165],
[0.625996, -0.025941, 0.779382],
[-0.625996, -0.025941, 0.779382],
[0.453413, 0.196875, 0.869259],
[-0.453413, 0.196875, 0.869259],
[0.715201, -0.694998, -0.073611],
[-0.715201, -0.694998, -0.073611],
[0.274422, -0.959990, 0.055208],
[-0.274422, -0.959990, 0.055208],
[0.402020, -0.616718, 0.676748],
[-0.402020, -0.616718, 0.676748],
[0.423658, -0.324015, 0.845851],
[-0.423658, -0.324015, 0.845851],
[0.960143, -0.001648, 0.279427],
[-0.960143, -0.001648, 0.279427],
[0.725974, -0.586505, 0.359081],
[-0.725974, -0.586505, 0.359081],
[0.605792, 0.020814, 0.795312],
[-0.605792, 0.020814, 0.795312],
[0.776605, -0.009339, 0.629871],
[-0.776605, -0.009339, 0.629871],
[0.558641, -0.467910, 0.684774],
[-0.558641, -0.467910, 0.684774],
[0.129307, -0.178899, 0.975311],
[-0.129307, -0.178899, 0.975311],
[0.337474, -0.253456, 0.906552],
[-0.337474, -0.253456, 0.906552],
[0.099277, -0.767937, 0.632740],
[-0.099277, -0.767937, 0.632740],
[0.973113, -0.230201, -0.000153],
[-0.973113, -0.230201, -0.000153],
[0.953703, -0.199866, -0.224647],
[-0.953703, -0.199866, -0.224647],
[0.814020, -0.554369, -0.173162],
[-0.814020, -0.554369, -0.173162],
[0.588733, -0.808069, 0.018525],
[-0.588733, -0.808069, 0.018525],
[0.521348, -0.825465, 0.216224],
[-0.521348, -0.825465, 0.216224],
[0.519089, -0.655629, 0.548296],
[-0.519089, -0.655629, 0.548296],
[0.425825, 0.803186, 0.416547],
[-0.425825, 0.803186, 0.416547],
[0.419752, 0.906949, -0.034852],
[-0.419752, 0.906949, -0.034852],
[0.461043, 0.733787, -0.498947],
[-0.461043, 0.733787, -0.498947],
[0.391614, 0.828028, -0.401196],
[-0.391614, 0.828028, -0.401196],
[0.765221, 0.624409, -0.156529],
[-0.765221, 0.624409, -0.156529],
[0.472060, 0.777764, -0.414930],
[-0.472060, 0.777764, -0.414930],
[0.651387, 0.681448, -0.333537],
[-0.651387, 0.681448, -0.333537],
[0.747520, 0.532609, -0.396863],
[-0.747520, 0.532609, -0.396863],
[0.854793, 0.518052, 0.030122],
[-0.854793, 0.518052, 0.030122],
[0.678793, 0.731773, 0.061190],
[-0.678793, 0.731773, 0.061190],
[0.644032, 0.537950, 0.543840],
[-0.644032, 0.537950, 0.543840],
[0.873867, 0.307016, 0.376873],
[-0.873867, 0.307016, 0.376873],
[0.586016, -0.015473, 0.810114],
[-0.586016, -0.015473, 0.810114],
[0.544298, -0.495865, 0.676626],
[-0.544298, -0.495865, 0.676626],
[0.896451, 0.304361, -0.322001],
[-0.896451, 0.304361, -0.322001],
[0.573046, -0.803735, -0.160009],
[-0.573046, -0.803735, -0.160009],
[0.580889, -0.800684, 0.146336],
[-0.580889, -0.800684, 0.146336],
[-0.287759, 0.738792, -0.609394],
[0.287759, 0.738792, -0.609394],
[-0.043886, -0.648122, -0.760247],
[0.043886, -0.648122, -0.760247],
[0.471877, -0.779626, -0.411634],
[-0.471877, -0.779626, -0.411634],
[0.673116, -0.499832, -0.545000],
[-0.673116, -0.499832, -0.545000],
[0.789575, 0.178991, -0.586932],
[-0.789575, 0.178991, -0.586932],
[0.360363, 0.860530, -0.359996],
[-0.360363, 0.860530, -0.359996],
[0.016266, 0.873623, -0.486282],
[-0.016266, 0.873623, -0.486282],
[0.542039, -0.067415, -0.837611],
[-0.542039, -0.067415, -0.837611],
[0.317362, -0.092959, -0.943724],
[-0.317362, -0.092959, -0.943724],
[-0.120060, -0.089724, -0.988678],
[0.120060, -0.089724, -0.988678],
[-0.023988, 0.273934, -0.961425],
[0.023988, 0.273934, -0.961425],
[0.492172, 0.273751, -0.826319],
[-0.492172, 0.273751, -0.826319],
[0.341319, 0.352672, -0.871242],
[-0.341319, 0.352672, -0.871242],
[0.458968, -0.063112, -0.886166],
[-0.458968, -0.063112, -0.886166],
[0.687796, -0.553331, -0.469802],
[-0.687796, -0.553331, -0.469802],
[0.232978, 0.878811, -0.416364],
[-0.232978, 0.878811, -0.416364],
[-0.166540, 0.953887, -0.249672],
[0.166540, 0.953887, -0.249672],
[-0.761345, 0.647084, -0.039918],
[0.761345, 0.647084, -0.039918],
[-0.981017, -0.093387, -0.169805],
[0.981017, -0.093387, -0.169805],
[-0.140965, -0.772790, -0.618793],
[0.140965, -0.772790, -0.618793],
[0.558733, -0.658284, -0.504410],
[-0.558733, -0.658284, -0.504410],
[0.742698, -0.261116, -0.616596],
[-0.742698, -0.261116, -0.616596],
[0.748131, -0.579913, -0.322398],
[-0.748131, -0.579913, -0.322398],
[0.858852, 0.037141, -0.510819],
[-0.858852, 0.037141, -0.510819],
[0.573107, 0.726249, -0.379528],
[-0.573107, 0.726249, -0.379528],
[0.883663, -0.062441, -0.463912],
[-0.883663, -0.062441, -0.463912],
[0.593310, 0.566332, -0.572008],
[-0.593310, 0.566332, -0.572008],
[0.861507, -0.487991, 0.139958],
[-0.861507, -0.487991, 0.139958],
[0.745048, 0.085452, -0.661458],
[-0.745048, 0.085452, -0.661458],
[0.920988, -0.174902, -0.348033],
[-0.920988, -0.174902, -0.348033],
[0.871975, -0.424024, -0.244606],
[-0.871975, -0.424024, -0.244606],
[0.696310, -0.541185, -0.471419],
[-0.696310, -0.541185, -0.471419],
[0.666860, -0.434767, -0.605182],
[-0.666860, -0.434767, -0.605182],
[0.660024, 0.349498, -0.664968],
[-0.660024, 0.349498, -0.664968],
[0.373882, 0.368725, -0.851009],
[-0.373882, 0.368725, -0.851009],
[0.444716, 0.374004, -0.813807],
[-0.444716, 0.374004, -0.813807],
[0.783685, 0.251350, -0.567980],
[-0.783685, 0.251350, -0.567980],
[0.571398, -0.425855, -0.701498],
[-0.571398, -0.425855, -0.701498],
[0.484420, -0.337321, -0.807154],
[-0.484420, -0.337321, -0.807154],
[-0.248451, -0.582598, -0.773827],
[0.248451, -0.582598, -0.773827],
[-0.743309, -0.097324, -0.661824],
[0.743309, -0.097324, -0.661824],
[-0.539171, 0.450636, -0.711447],
[0.539171, 0.450636, -0.711447],
[0.087283, 0.740043, -0.666829],
[-0.087283, 0.740043, -0.666829],
[-0.050691, 0.951842, -0.302316],
[0.050691, 0.951842, -0.302316],
[0.635792, -0.409162, -0.654439],
[-0.635792, -0.409162, -0.654439],
[0.198340, 0.005127, -0.980102],
[-0.198340, 0.005127, -0.980102],
[0.385449, 0.116214, -0.915342],
[-0.385449, 0.116214, -0.915342],
[0.431532, -0.033113, -0.901456],
[-0.431532, -0.033113, -0.901456],
[0.328104, 0.000183, -0.944609],
[-0.328104, 0.000183, -0.944609],
[0.317820, 0.093661, -0.943510],
[-0.317820, 0.093661, -0.943510],
[0.344737, -0.076693, -0.935545],
[-0.344737, -0.076693, -0.935545],
[0.436476, -0.013581, -0.899594],
[-0.436476, -0.013581, -0.899594],
[0.357311, 0.298013, -0.885128],
[-0.357311, 0.298013, -0.885128],
[-0.417646, 0.558580, 0.716605],
[0.417646, 0.558580, 0.716605],
[0.304758, 0.621876, 0.721335],
[-0.304758, 0.621876, 0.721335],
[0.923399, 0.085604, 0.374096],
[-0.923399, 0.085604, 0.374096],
[0.614948, -0.490555, 0.617359],
[-0.614948, -0.490555, 0.617359],
[-0.041841, -0.698874, 0.714011],
[0.041841, -0.698874, 0.714011],
[-0.079745, -0.845271, 0.528336],
[0.079745, -0.845271, 0.528336],
[-0.656178, 0.571520, 0.492691],
[0.656178, 0.571520, 0.492691],
];
nindices=1500
indices=[
46,
2,
0,
3,
47,
1,
44,
4,
2,
5,
45,
3,
2,
6,
8,
7,
3,
9,
0,
8,
10,
9,
1,
11,
10,
14,
12,
15,
11,
13,
8,
16,
14,
17,
9,
15,
14,
18,
20,
19,
15,
21,
12,
20,
22,
21,
13,
23,
22,
26,
24,
27,
23,
25,
20,
28,
26,
29,
21,
27,
26,
30,
32,
31,
27,
33,
24,
32,
34,
33,
25,
35,
34,
38,
36,
39,
35,
37,
32,
40,
38,
41,
33,
39,
38,
42,
44,
43,
39,
45,
36,
44,
46,
45,
37,
47,
46,
50,
36,
51,
47,
37,
36,
52,
34,
53,
37,
35,
34,
54,
24,
55,
35,
25,
24,
56,
22,
57,
25,
23,
22,
58,
12,
59,
23,
13,
12,
62,
10,
63,
13,
11,
10,
64,
0,
65,
11,
1,
0,
48,
46,
49,
1,
47,
60,
48,
64,
49,
61,
65,
62,
60,
64,
61,
63,
65,
60,
62,
58,
63,
61,
59,
60,
58,
56,
59,
61,
57,
60,
56,
54,
57,
61,
55,
60,
54,
52,
55,
61,
53,
60,
52,
50,
53,
61,
51,
60,
50,
48,
51,
61,
49,
88,
175,
173,
175,
89,
174,
86,
173,
171,
174,
87,
172,
84,
171,
169,
172,
85,
170,
82,
169,
167,
170,
83,
168,
80,
167,
165,
168,
81,
166,
78,
145,
91,
146,
79,
92,
91,
147,
93,
148,
92,
94,
93,
149,
95,
150,
94,
96,
95,
151,
97,
152,
96,
98,
97,
153,
99,
154,
98,
100,
99,
155,
101,
156,
100,
102,
101,
157,
103,
158,
102,
104,
103,
159,
105,
160,
104,
106,
105,
161,
107,
162,
106,
108,
107,
67,
66,
67,
108,
66,
109,
159,
127,
160,
110,
128,
127,
157,
178,
158,
128,
179,
125,
157,
155,
158,
126,
156,
123,
155,
153,
156,
124,
154,
121,
153,
151,
154,
122,
152,
119,
151,
149,
152,
120,
150,
117,
149,
147,
150,
118,
148,
115,
147,
145,
148,
116,
146,
113,
145,
163,
146,
114,
164,
113,
176,
180,
176,
114,
181,
109,
67,
161,
67,
110,
162,
111,
177,
67,
177,
112,
67,
176,
182,
180,
183,
176,
181,
134,
175,
136,
175,
135,
136,
132,
173,
134,
174,
133,
135,
130,
171,
132,
172,
131,
133,
165,
184,
186,
185,
166,
187,
130,
167,
169,
168,
131,
170,
143,
188,
189,
188,
144,
189,
184,
188,
186,
188,
185,
187,
129,
184,
130,
185,
129,
131,
141,
190,
192,
191,
142,
193,
139,
192,
194,
193,
140,
195,
138,
194,
196,
195,
138,
197,
137,
196,
70,
197,
137,
70,
189,
190,
143,
191,
189,
144,
69,
205,
190,
206,
69,
191,
70,
199,
198,
200,
70,
198,
196,
201,
199,
202,
197,
200,
194,
203,
201,
204,
195,
202,
192,
205,
203,
206,
193,
204,
198,
201,
203,
202,
198,
204,
198,
205,
207,
206,
198,
207,
138,
163,
139,
164,
138,
140,
139,
210,
141,
211,
140,
142,
141,
212,
143,
213,
142,
144,
143,
165,
186,
166,
144,
187,
80,
212,
208,
213,
81,
209,
208,
210,
214,
211,
209,
215,
78,
210,
163,
211,
79,
164,
130,
71,
129,
71,
131,
129,
132,
221,
130,
222,
133,
131,
134,
219,
132,
220,
135,
133,
136,
217,
134,
218,
136,
135,
216,
228,
217,
229,
216,
218,
217,
226,
219,
227,
218,
220,
219,
224,
221,
225,
220,
222,
221,
223,
71,
223,
222,
71,
223,
228,
230,
229,
223,
230,
224,
226,
228,
227,
225,
229,
182,
233,
180,
234,
183,
181,
111,
231,
182,
232,
112,
183,
109,
253,
111,
254,
110,
112,
180,
251,
113,
252,
181,
114,
113,
249,
115,
250,
114,
116,
115,
247,
117,
248,
116,
118,
117,
245,
119,
246,
118,
120,
119,
243,
121,
244,
120,
122,
121,
241,
123,
242,
122,
124,
123,
239,
125,
240,
124,
126,
125,
235,
178,
236,
126,
179,
178,
237,
127,
238,
179,
128,
127,
255,
109,
256,
128,
110,
237,
257,
255,
258,
238,
256,
235,
275,
237,
276,
236,
238,
239,
277,
235,
278,
240,
236,
241,
273,
239,
274,
242,
240,
243,
271,
241,
272,
244,
242,
245,
269,
243,
270,
246,
244,
247,
267,
245,
268,
248,
246,
249,
265,
247,
266,
250,
248,
251,
263,
249,
264,
252,
250,
233,
261,
251,
262,
234,
252,
255,
259,
253,
260,
256,
254,
253,
281,
231,
282,
254,
232,
231,
279,
233,
280,
232,
234,
66,
283,
107,
284,
66,
108,
107,
285,
105,
286,
108,
106,
105,
287,
103,
288,
106,
104,
103,
289,
101,
290,
104,
102,
101,
291,
99,
292,
102,
100,
99,
293,
97,
294,
100,
98,
97,
295,
95,
296,
98,
96,
95,
297,
93,
298,
96,
94,
93,
299,
91,
300,
94,
92,
307,
327,
308,
328,
307,
308,
306,
337,
307,
338,
306,
307,
305,
335,
306,
336,
305,
306,
88,
305,
90,
305,
89,
90,
86,
339,
88,
340,
87,
89,
84,
333,
86,
334,
85,
87,
82,
329,
84,
330,
83,
85,
329,
337,
335,
338,
330,
336,
329,
339,
333,
340,
330,
334,
325,
337,
331,
338,
326,
332,
80,
331,
82,
332,
81,
83,
208,
343,
341,
344,
209,
342,
80,
341,
325,
342,
81,
326,
78,
343,
214,
344,
79,
215,
78,
299,
345,
300,
79,
346,
76,
351,
323,
352,
76,
324,
303,
349,
351,
350,
303,
352,
77,
347,
349,
348,
77,
350,
304,
327,
347,
328,
304,
348,
325,
347,
327,
348,
326,
328,
295,
317,
297,
318,
296,
298,
75,
323,
315,
324,
75,
316,
301,
355,
357,
356,
301,
358,
302,
353,
355,
354,
302,
356,
74,
315,
353,
316,
74,
354,
291,
361,
293,
362,
292,
294,
363,
367,
361,
368,
364,
362,
365,
369,
367,
370,
366,
368,
371,
375,
369,
376,
372,
370,
313,
373,
377,
374,
314,
378,
315,
373,
353,
374,
316,
354,
353,
371,
355,
372,
354,
356,
355,
365,
357,
366,
356,
358,
357,
363,
359,
364,
358,
360,
289,
363,
291,
364,
290,
292,
73,
357,
359,
358,
73,
360,
283,
287,
285,
288,
284,
286,
283,
359,
289,
360,
284,
290,
72,
73,
283,
73,
72,
284,
293,
309,
295,
310,
294,
296,
309,
367,
311,
368,
310,
312,
311,
369,
381,
370,
312,
382,
313,
369,
375,
370,
314,
376,
347,
385,
349,
386,
348,
350,
317,
385,
383,
386,
318,
384,
297,
383,
299,
384,
298,
300,
299,
341,
343,
342,
300,
344,
341,
383,
347,
384,
342,
348,
299,
343,
345,
344,
300,
346,
313,
379,
321,
380,
314,
322,
315,
379,
377,
380,
316,
378,
319,
379,
385,
380,
320,
386,
349,
379,
351,
380,
350,
352,
323,
351,
379,
352,
324,
380,
399,
413,
387,
414,
400,
388,
399,
403,
401,
404,
400,
402,
397,
405,
403,
406,
398,
404,
395,
407,
405,
408,
396,
406,
393,
409,
407,
410,
394,
408,
391,
411,
409,
412,
392,
410,
409,
417,
419,
418,
410,
420,
407,
419,
421,
420,
408,
422,
405,
421,
423,
422,
406,
424,
403,
423,
425,
424,
404,
426,
401,
425,
427,
426,
402,
428,
401,
415,
413,
416,
402,
414,
317,
443,
319,
444,
318,
320,
319,
411,
389,
412,
320,
390,
309,
441,
317,
442,
310,
318,
381,
413,
429,
414,
382,
430,
411,
439,
417,
440,
412,
418,
437,
443,
445,
444,
438,
446,
433,
437,
445,
438,
434,
446,
431,
445,
447,
446,
432,
448,
429,
431,
447,
432,
430,
448,
413,
449,
429,
450,
414,
430,
311,
429,
447,
430,
312,
448,
311,
445,
441,
446,
312,
442,
441,
445,
443,
446,
442,
444,
415,
451,
449,
452,
416,
450,
449,
461,
431,
462,
450,
432,
431,
459,
433,
460,
432,
434,
433,
457,
435,
458,
434,
436,
435,
455,
437,
456,
436,
438,
437,
453,
439,
454,
438,
440,
439,
473,
417,
474,
440,
418,
427,
475,
415,
476,
428,
416,
425,
463,
427,
464,
426,
428,
423,
465,
425,
466,
424,
426,
421,
467,
423,
468,
422,
424,
419,
469,
421,
470,
420,
422,
417,
471,
419,
472,
418,
420,
457,
479,
455,
480,
458,
456,
477,
481,
479,
482,
478,
480,
483,
487,
481,
488,
484,
482,
485,
489,
487,
490,
486,
488,
463,
485,
475,
486,
464,
476,
451,
485,
483,
486,
452,
484,
451,
477,
461,
478,
452,
462,
457,
461,
477,
462,
458,
478,
453,
479,
473,
480,
454,
474,
471,
479,
481,
480,
472,
482,
469,
481,
487,
482,
470,
488,
467,
487,
489,
488,
468,
490,
465,
489,
491,
490,
466,
492,
463,
465,
491,
466,
464,
492,
391,
503,
389,
504,
392,
390,
393,
501,
391,
502,
394,
392,
395,
499,
393,
500,
396,
394,
397,
497,
395,
498,
398,
396,
399,
495,
397,
496,
400,
398,
387,
493,
399,
494,
388,
400,
493,
503,
501,
504,
494,
502,
493,
499,
495,
500,
494,
496,
495,
499,
497,
500,
496,
498,
313,
387,
381,
388,
314,
382,
313,
503,
505,
504,
314,
506,
319,
503,
321,
504,
320,
322,
];
